2201302
2201303
2201304
2201305
11801350
2201306
2201307
2201308
2201309
2201310
2201311
2201312
2201313
2201314
2201315
2201316
2201317
2201318
2201319
2201320
2201321
2201322
2201323
2201324
10201728
401794
1101455
32001471
1101499
60101422
1801914
2003445
31801216
1801920
2003785
1101831
401782
70101684
1801921
1101511
1101687
90208028
2003787
32003283
1101683
60201565
2003791
12201010
22001159
101399
1801378
90208051
20201584
40301081
2001859
2001856
2001930
1801559
2003805
2003784
70101683
60101029
42001174
2001929
70101586
2001927
2003783
3201296
70201948
3201313
70101680
3201314
2003690
401135
3201312
70201947
23201027
3201328
3201311
3201298
3201273
2003781
101302
70201750
2001136
401802
401793
1801954
70101673
2003089
2001921
70201917
70201918
1801931
2001920
1801932
32001610
401816
70101759
2001877
2001958
201394
1801923
2003498
1801933
2003506
3201320
3201327
3201325
3201049
3201324
60201047
1801929
21101070
3201323
3201322
1801887
31101162
1801908
70201984
2003714
2001666
20101582
2003724
2003207
32001241
1101161
2003342
2001006
10101288
2001667
2001285
70201983
401771
401707
2001928
1801939
32503172
2001916
32001597
2003802
10201885
10201675
2503551
2001955
42001502
1801940
2001917
10201612
201716
2003801
1801330
1801867
80201147
70201759
2003800
90201175
60201148
10201663
40201006
3201342
22003096
12001025
1801972
12001024
2003453
2003813
32003498
2001545
2001826
201758
12001023
60201524
2003229
22003058
20201131
20201350
201029
201178
201823
60201670
20201352
30201055
20201045
201568
30201194
201252
2001839
20201310
20201541
2001751
1801943
3201341
3201035
12001020
80201136
1801942
2003811
2003810
12001115
201872
12001116
1801847
42201186
2001966
2003270
1801962
2003809
1801958
3201334
80201130
2003845
70101844
2503824
3201333
3201367
3201031
22001133
70201994
1801305
3201127
2003846
3201270
2003797
12001017
32001319
3201330
10201569
10101989
2003793
201776
10201808
70101438
1801511
32503207
2001283
70201195
2201363
2001247
42001075
1101823
1801957
2003851
2003853
2003592
12001049
12001048
12001043
12001052
12001050
12001051
60201069
12001125
11801018
80201387
2001996
11801019
1801969
12503130
3201277
2001692
20201573
80201182
80201189
2003865
60101455
1801558
12201099
3201369
80201385
3201036
21101051
21101050
1101536
12503038
1101671
3201278
80201273
80201089
80201103
80201272
80201271
80201270
80201269
80201268
80201267
80201266
80201265
80201107
80201264
80201088
80201263
80201261
80201260
80201259
80201257
80201256
80201255
80201096
80201097
80201106
80201094
80201087
80201092
80201384
80201377
80201376
80201093
80201098
80201095
80201086
80201099
80201101
80201102
80201374
80201373
80201104
80201105
80201091
80201100
80201090
201982
3201258
1801838
2003855
1801468
1801466
1801566
1801606
1801467
1801976
90208065
1801978
1801977
41101037
2003850
1801825
12503126
12001009
2003847
12001113
2001354
1801016
1801064
1801945
1801640
11801059
12503076
401753
80101054
80101053
42001401
201756
32001629
12001111
10201725
60201648
80201328
1101535
1801193
1801051
1801053
1801060
1801183
1801074
1801059
3201364
1801882
3201107
80101014
3201365
32001235
70101771
22003111
1101260
1101261
1101262
2003840
70101394
1801723
32001246
80201302
1101812
2003839
31101005
80201222
1101666
401863
22003114
32001245
11801009
1801479
12201100
1801999
1801986
1801613
1801841
1101808
2003834
70101366
101588
1801329
31801166
2001367
12001097
1801301
12001094
12001092
3201425
2201690
2003258
3201417
60201229
2201096
1801075
33201281
2003386
3201440
201666
3201418
1801983
12201081
1101822
1801871
11801073
3201077
70101464
32001620
31101056
80201237
2003309
32503176
10201072
2201993
2201993
70101522
80101286
50101520
80101111
32001521
42001651
2001898
50101599
101314
3201419
60201100
70101413
60101239
80101292
10101886
80101293
52001138
3201415
3201409
201205
506096
20101489
3201436
3201411
60201035
11801074
2003383
11801015
11801053
1801237
3201172
11801069
42503125
1801235
3201439
60201354
11801068
1801175
40506012
1801989
70101562
42001255
32503216
506036
1101609
41101146
70201484
2003897
31101212
80201659
40506013
1801493
42001388
1801214
12201147
12001120
12001240
1101500
31801175
11801557
1801878
506033
506034
2201917
80101285
70101342
12001093
2001994
80201415
12001217
506098
32503149
70201694
21801003
31801151
201573
2001740
401440
1801990
401283
1801804
2001739
1801710
70101784
2003983
60101079
80101297
2003909
22003104
12201137
2003991
10506001
2201500
33201234
33201272
3201407
43201459
33201284
43201454
10201417
2003900
11801027
33201199
23201007
33201432
42001209
12001226
3201012
2201734
12001196
20101676
12001188
20101531
101933
32001095
12001197
32001691
12001288
42001403
21801016
3201026
3201412
3201429
1801864
1801617
1801633
90101339
80101428
20101650
12001199
12201076
1801417
80201585
11801035
1801955
3201262
80201165
80101501
101052
3201075
80101225
52201125
52201014
52201565
52201159
52201211
52207002
52201530
20201585
11801042
3201082
32003207
2003885
80201651
70201992
20101573
70101560
90201096
32003222
60101230
2503682
22503061
2003990
80101271
201917
12003008
12001182
12001291
70201514
31801197
1801982
10101227
80101289
41801122
1801638
12001280
42003263
11801128
1801646
11801126
201511
1801618
401993
90201560
22003128
11801125
32003473
3201297
3201442
3201027
12201245
3201316
80201562
12001293
90201563
3201196
3201326
21801046
3201423
101683
101701
12001287
80201561
20101686
10101665
31801021
12503071
101931
10101410
3201399
80101453
1801858
41801146
12001292
401069
20101559
11801044
12003024
12001279
12001324
12001278
90201097
60101291
32001765
2001420
2003987
12001194
10201858
52201274
201509
80101454
2201084
11801063
1801170
1801846
11801052
32003363
51801034
60101103
10101817
1801865
506044
1801597
12001285
11801140
42001279
12503188
12503188
2503172
32503235
201046
506093
2001579
1801348
90220899
2503981
90101130
10101966
2201771
32001382
11801149
80101533
31801247
1801900
401906
401906
10401012
10401012
80101555
11801150
11801135
12001109
80101299
80101525
41801195
1101518
12001098
12001327
402003
80201121
23301002
43301009
12001329
32001690
2001888
30401114
12001330
42001326
11801033
11801164
2001121
70101511
3201065
70101704
3201037
2001638
41101010
10401008
21101063
40506014
23301003
80201173
12001351
32001260
80101586
401162
3201264
31801144
11801136
10401035
42001332
21101095
201386
80201564
11801162
11801243
70201926
90201200
2003804
2003444
201988
20201362
70201867
10201797
1801791
20201314
2001846
12201278
10401037
401109
52201233
90201917
90201182
10201750
90201185
201876
90201694
90201184
401820
10401031
2003465
90176017
401221
401275
401169
2001962
12001301
12001353
1801787
90201427
70101530
80201681
10101944
10201860
90201189
90201187
90201186
60101483
90101261
90101069
20101663
23201044
3201335
3201271
2003469
401293
12003023
70101055
80201416
80201239
2001179
2003147
12001352
2001931
12001333
10101660
2003621
70101623
101358
11801163
1801535
80201275
1101832
21101112
1101646
10401023
12001302
12001176
11801141
2001678
70101382
10401032
70201515
12001310
12001235
21101113
1801971
12001497
12001536
90201610
12001536
80201314
70201848
60201654
11801152
21801058
12001652
12001486
2001402
12001483
12001457
10401029
10401092
20401048
31801228
401858
2003734
2003485
90201584
22001003
21101081
90201811
1801538
31801006
12001597
12001468
12001516
10101435
20201472
80101864
1101951
12001339
42001288
1801915
10401033
401743
2001399
12001334
10401109
11801167
11801244
1801165
11801271
12001485
12001484
12001494
12001488
12001520
60201088
11801161
11801270
21801018
11801269
1801662
10401044
11801360
11801237
11801261
70101687
11801221
2001876
1801239
80201125
2001125
2001234
10401118
1801877
401696
21101118
10101236
20101681
20101657
12001404
12001501
12001521
12001506
80101698
80101556
11801160
2001889
41801105
401799
401896
10401119
11801180
12001515
11801181
12001477
12001535
1801362
506006
506007
11801494
11801273
12001514
12001469
401032
10401114
11801178
41801211
32001601
80101479
80101897
20101773
101265
10401123
10401104
2001774
90228889
11801182
90037539
401412
401780
12001534
12001533
12001532
12001531
12001530
12001529
12001528
12001527
12001526
12001523
21101137
10401056
506003
10201937
11801184
11801183
31801096
11801190
12003090
1101773
12001475
506015
22003270
60201713
10401107
2003547
10401105
10401106
10401057
401260
1801395
3201434
20401079
20201509
3201331
10101137
401716
12001513
2003165
80101966
20101794
1101965
21101130
1101966
10401101
10401097
10401108
30101023
90000064
401629
10401102
21101127
2001215
2001214
